     0  42943  45890  52521  47776  40584  29915  57978  37030  41447  37885  34161  20517  32726  38732  32191  38741  35725  34258  37477  39354  39580  36831  38521  38971  39672  39880 
 42943      0  37748  46208  46505  39883  31742  35349  41613  45253  40201  37018  20183  36812  42358  40198  39991  40240  38886  41717  42505  41018  42473  39207  42121  47033  44336 
 45890  37748      0  43678  47438  41270  36966  44850  43430  45120  43229  43149  23471  39300  40270  37290  41395  38995  40270  42161  41061  44175  42899  42419  40562  42800  43774 
 52521  46208  43678      0  44510  41842  30460  41936  36398  39690  40765  40120  22538  36860  40049  36004  39457  38557  36537  40242  40170  42815  41862  43099  40708  42112  44427 
 47776  46505  47438  44510      0  55359  32827  40356  40084  43817  43998  45606  20241  36426  41390  38612  37438  41051  44202  39670  42100  39855  41720  42083  40204  44006  45283 
 40584  39883  41270  41842  55359      0  31914  33311  42410  45119  40347  40196  19820  36054  37343  37022  35777  37322  40820  36259  37983  37515  37345  37815  38154  38237  41117 
 29915  31742  36966  30460  32827  31914      0  32760  39349  40659  36518  32187  22043  32871  36974  32108  36990  37019  33943  37253  37568  36252  34618  35444  37462  37341  37232 
 57978  35349  44850  41936  40356  33311  32760      0  36441  37928  37283  33362  25367  34162  36560  32521  38890  34631  33114  38512  37554  38128  36400  37782  38309  38859  37193 
 37030  41613  43430  36398  40084  42410  39349  36441      0  64810  45581  39837  24070  40083  42529  40770  40399  41117  42365  41390  43107  43345  44183  42611  43314  47383  44511 
 41447  45253  45120  39690  43817  45119  40659  37928  64810      0  45714  40974  23909  44733  44257  44623  43307  42591  41228  42101  43953  43220  44881  43795  45334  47480  46100 
 37885  40201  43229  40765  43998  40347  36518  37283  45581  45714      0  71069  40865  67987  75251  71021  70904  73671  73028  72223  74759  74020  76840  77224  68061  71008  71790 
 34161  37018  43149  40120  45606  40196  32187  33362  39837  40974  71069      0  32603  56096  66490  65270  57577  67251  68662  62452  66052  64659  65945  66994  62244  62430  62253 
 20517  20183  23471  22538  20241  19820  22043  25367  24070  23909  40865  32603      0  37584  41210  40907  40371  38289  35854  41041  41763  41992  38843  40380  36896  38572  34500 
 32726  36812  39300  36860  36426  36054  32871  34162  40083  44733  67987  56096  37584      0  73644  73055  74944  68685  58063  75227  74110  72814  69355  70093  67232  65483  64094 
 38732  42358  40270  40049  41390  37343  36974  36560  42529  44257  75251  66490  41210  73644      0  75112  77724  77202  73019  78454  80135  77968  75875  75445  68903  72682  69344 
 32191  40198  37290  36004  38612  37022  32108  32521  40770  44623  71021  65270  40907  73055  75112      0  75291  69938  66957  75428  75685  73775  72235  71081  67960  67816  65666 
 38741  39991  41395  39457  37438  35777  36990  38890  40399  43307  70904  57577  40371  74944  77724  75291      0  74210  64600  80693  77699  76032  72718  72955  67899  70220  65720 
 35725  40240  38995  38557  41051  37322  37019  34631  41117  42591  73671  67251  38289  68685  77202  69938  74210      0  72566  75132  77185  74608  74829  74935  67923  69163  69689 
 34258  38886  40270  36537  44202  40820  33943  33114  42365  41228  73028  68662  35854  58063  73019  66957  64600  72566      0  66404  72697  71081  72973  73563  65562  66303  67918 
 37477  41717  42161  40242  39670  36259  37253  38512  41390  42101  72223  62452  41041  75227  78454  75428  80693  75132  66404      0  78560  76736  73936  74135  67627  72039  67078 
 39354  42505  41061  40170  42100  37983  37568  37554  43107  43953  74759  66052  41763  74110  80135  75685  77699  77185  72697  78560      0  78051  75339  75476  68210  72812  69092 
 39580  41018  44175  42815  39855  37515  36252  38128  43345  43220  74020  64659  41992  72814  77968  73775  76032  74608  71081  76736  78051      0  75848  76332  66924  70970  68092 
 36831  42473  42899  41862  41720  37345  34618  36400  44183  44881  76840  65945  38843  69355  75875  72235  72718  74829  72973  73936  75339  75848      0  79655  66803  71360  74785 
 38521  39207  42419  43099  42083  37815  35444  37782  42611  43795  77224  66994  40380  70093  75445  71081  72955  74935  73563  74135  75476  76332  79655      0  65635  69133  72646 
 38971  42121  40562  40708  40204  38154  37462  38309  43314  45334  68061  62244  36896  67232  68903  67960  67899  67923  65562  67627  68210  66924  66803  65635      0  69948  64757 
 39672  47033  42800  42112  44006  38237  37341  38859  47383  47480  71008  62430  38572  65483  72682  67816  70220  69163  66303  72039  72812  70970  71360  69133  69948      0  71070 
 39880  44336  43774  44427  45283  41117  37232  37193  44511  46100  71790  62253  34500  64094  69344  65666  65720  69689  67918  67078  69092  68092  74785  72646  64757  71070      0 
